page_index,q_power,dot_count,primes
0,1,2,3 2
1,2,2,5 2
2,3,3,5 3 2
3,4,2,3 2
4,5,2,5 2
5,6,4,13 11 3 2
6,7,3,7 5 3
7,8,3,5 3 2
8,9,3,5 3 2
9,10,4,13 5 3 2
10,11,4,13 11 3 2
11,12,3,5 3 2
12,13,4,23 5 3 2
13,14,2,7 2
14,15,3,7 5 3
15,16,3,5 3 2
16,17,3,5 3 2
17,18,3,5 3 2
18,19,3,5 3 2
19,20,3,23 5 2
20,21,3,7 3 2
21,22,5,13 11 5 3 2
22,23,3,5 3 2
23,24,5,47 13 7 3 2
24,25,3,5 3 2
25,26,2,23 2
26,27,4,19 5 3 2
27,28,5,11 7 5 3 2
28,29,1,2
29,30,4,7 5 3 2
30,31,1,3
31,32,2,5 2
32,33,4,11 5 3 2
33,34,3,29 3 2
34,35,4,31 7 5 2
35,36,2,3 2
36,37,4,17 5 3 2
37,38,3,5 3 2
38,39,3,7 3 2
39,40,4,23 5 3 2
40,41,3,47 5 2
41,42,4,7 5 3 2
42,43,3,5 3 2
43,44,4,19 11 5 2
44,45,4,17 5 3 2
45,46,3,11 3 2
46,47,2,29 5
47,48,3,5 3 2
48,49,3,7 3 2
49,50,4,31 5 3 2
50,51,4,23 7 3 2
51,52,4,19 5 3 2
52,53,3,19 5 2
53,54,2,3 2
54,55,3,11 5 3
55,56,3,13 7 2
56,57,4,7 5 3 2
57,58,4,23 5 3 2
58,59,1,2
59,60,4,7 5 3 2
60,61,3,29 3 2
61,62,2,5 2
62,63,4,7 5 3 2
63,64,4,31 7 3 2
64,65,4,17 7 5 2
65,66,4,11 5 3 2
66,67,3,5 3 2
67,68,2,5 2
68,69,2,3 2
69,70,5,71 7 5 3 2
70,71,0,
71,72,3,5 3 2
72,73,5,17 7 5 3 2
73,74,1,2
74,75,3,5 3 2
75,76,2,3 2
76,77,4,11 7 5 2
77,78,4,7 5 3 2
78,79,2,3 2
79,80,3,5 3 2
80,81,3,13 3 2
81,82,3,5 3 2
82,83,3,5 3 2
83,84,4,31 7 3 2
84,85,4,7 5 3 2
85,86,3,11 3 2
86,87,4,41 31 5 3
87,88,4,11 5 3 2
88,89,3,7 5 2
89,90,3,5 3 2
90,91,4,13 7 3 2
91,92,3,13 5 2
92,93,5,59 7 5 3 2
93,94,3,13 3 2
94,95,6,29 11 7 5 3 2
95,96,2,3 2
96,97,3,5 3 2
97,98,5,13 11 7 5 2
98,99,3,11 3 2
99,100,3,5 3 2
100,101,2,3 2
101,102,6,31 19 7 5 3 2
102,103,4,47 13 5 3
103,104,4,7 5 3 2
