112,145,129,0,115,112,124,0,135,146,147,0,127,115,124,0,130,153,93,0
118,139,0,129,127,106,0,103,132,110,0,126,138,134,0,125,112,138,0,107
155,0,109,110,132,0,121,117,132,0,170,132,113,0,138,133,134,0,118,116
0,113,142,105,0,136,141,116,0,113,121,139,0,112,134,147,0,109,122,110
133,132,106,0,119,115,118,0,122,112,112,0,133,134,115,0,120,125,166,0
145,112,0,135,96,119,0,115,130,160,0,129,157,165,0,102,97,179,0,137
117,0,106,132,130,0,115,128,117,0,120,117,118,0,119,104,116,0,116,125
0,152,142,156,0,140,111,118,0,135,124,120,0,127,129,145,0,112,142,113
140,103,179,0,147,121,123,0,148,99,132,0,128,275,296,0,128,308,113,0
123,126,0,102,124,143,0,131,138,125,0,130,137,119,0,158,116,144,0,115
126,0,119,114,145,0,119,147,131,0,112,126,111,0,131,144,124,0,120,143
0,148,135,110,0,153,117,128,0,127,146,115,0,132,150,137,0,96,105,120
148,125,125,0,128,131,117,0,139,107,164,0,129,127,116,0,102,118,106,0
129,150,0,100,125,103,0,111,131,122,0,131,111,102,0,123,130,114,0,154
117,0,114,134,132,0,129,124,118,0,128,154,199,0,145,143,122,0,129,118
0,111,112,150,0,98,122,127,0,135,145,127,0,122,132,117,0,153,127,119
109,127,102,0,157,142,153,0,108,114,130,0,122,121,744,0,149,117,109,0
118,103,0,123,112,108,0,115,112,141,0,124,133,121,0,110,115,169,0,135
132,0,123,138,150,0,101,134,134,0,121,123,135,0,133,146,120,0,130,122
0,150,128,122,0,125,110,120,0,127,111,120,0,175,111,114,0,141,111,114
100,116,127,0,111,123,118,0,112,148,139,0,141,98,128,0,113,130,140,0
100,128,0,134,139,138,0,126,146,114,0,133,122,163,0,155,124,114,0,128
134,0,123,128,142,0,135,120,123,0,125,122,128,0,116,128,107,0,128,153
0,130,235,127,0,160,152,119,0,136,137,140,0,134,127,139,0,115,113,125
110,131,128,0,137,135,128,0,147,118,106,0,123,125,132,0,114,123,145,0
114,119,0,126,129,123,0,138,139,138,0,126,151,113,0,147,129,144,0,144
111,0,140,126,157,0,113,139,121,0,115,145,125,0,114,134,105,0,110,114
0,124,106,133,0,149,131,134,0,138,132,118,0,149,110,119,0,253,128,127
126,172,125,0,120,144,115,0,122,116,126,0,131,133,120,0,95,130,113,0
115,113,0,119,122,132,0,119,113,127,0,140,114,244,0,181,150,140,0,119
115,0,106,103,149,0,138,123,112,0,135,133,124,0,125,106,139,0,125,133
0,124,126,135,0,123,121,121,0,146,145,107,0,141,151,111,0,135,114,130
125,121,127,0,126,107,112,0,138,153,109,0,123,114,119,0,115,104,136,0
100,181,0,127,122,145,0,124,127,130,0,133,125,123,0,212,149,130,0,135
124,0,128,1888,129,0,123,108,126,0,109,111,120,0,167,142,124,0,122,117
0,125,132,100,0,139,124,123,0,123,128,133,0,145,118,117,0,148,124,138
117,108,151,0,137,119,111,0,115,135,132,0,117,140,117,0,117,130,118,0
128,147,0,130,118,128,0,113,122,99,0,138,137,123,0,125,142,133,0,106
122,0,144,135,132,0,140,116,120,0,162,133,119,0,124,139,130,0,146,127
0,135,116,123,0,129,124,124,0,118,99,128,0,129,139,136,0,119,152,112
104,137,115,0,167,102,1082,0,120,117,120,0,127,112,148,0,119,134,122,0
108,104,0,106,117,131,0,107,117,145,0,114,144,117,0,116,138,117,0,118
129,0,141,136,122,0,137,122,128,0,127,119,122,0,114,230,118,0,109,129
0,129,120,119,0,136,129,133,0,122,145,124,0,106,131,107,0,125,147,127
112,125,142,0,141,104,149,0,119,129,1133,0,111,159,111,0,97,131,121,0
135,126,0,118,119,109,0,145,126,123,0,130,118,114,0,130,122,144,0,111
120,0,131,149,142,0,144,133,144,0,137,114,128,0,120,139,130,0,120,121
0,140,138,118,0,135,125,117,0,119,134,118,0,122,143,135,0,150,122,129
120,149,109,0,142,146,102,0,119,116,125,0,117,103,113,0,143,150,116,0
201,117,0,116,117,200,0,113,133,158,0,130,97,99,0,136,106,162,0,144
127,0,123,130,115,0,123,141,125,0,143,150,100,0,139,129,126,0,118,109
0,131,138,127,0,136,141,109,0,143,107,149,0,141,117,146,0,113,185,137
106,110,126,0,124,137,113,0,133,115,128,0,120,122,117,0,115,127,126,0
127,98,0,142,125,129,0,132,142,136,0,115,125,123,0,112,125,105,0,128
142,0,112,140,163,0,148,115,106,0,106,143,124,0,145,163,142,0,124,150
0,146,136,153,0,123,125,110,0,128,113,128,0,135,117,137,0,112,164,115
134,103,148,0,135,124,125,0,164,114,118,0,129,137,133,0,127,119,171,0
120,127,0,134,120,153,0,115,140,124,0,155,139,125,0,127,110,121,0,112
112,0,136,112,96,0,107,107,139,0,128,100,133,0,123,143,147,0,105,110
0,86,124,121,0,113,111,113,0,132,141,139,0,116,138,125,0,107,134,123
111,131,115,0,117,129,107,0,132,176,128,0,127,114,160,0,129,125,133,0
152,169,0,122,116,115,0,126,113,142,0,150,104,123,0,137,133,120,0,128
115,0,128,135,113,0,128,137,131,0,157,126,115,0,114,163,117,0,131,128
0,147,130,119,0,181,101,122,0,128,121,123,0,110,109,141,0,130,154,120
112,362,122,0,148,129,125,0,122,142,121,0,155,160,118,0,120,148,95,0
116,126,0,121,134,104,0,143,127,125,0,128,135,103,0,133,147,124,0,115
126,0,111,133,115,0,144,154,119,0,165,135,144,0,125,136,133,0,160,142
0,129,118,124,0,127,149,134,0,138,135,135,0,120,133,116,0,135,139,115
139,118,152,0,139,119,136,0,131,123,119,0,140,129,119,0,109,119,154,0
128,105,0,138,120,122,0,135,135,122,0,151,128,155,0,129,122,136,0,135
117,0,135,141,155,0,202,128,120,0,110,137,104,0,139,164,127,0,140,103
0,138,118,137,0,172,118,188,0,128,137,120,0,119,144,124,0,108,116,133
123,127,124,0,148,123,122,0,114,112,138,0,138,152,142,0,128,121,121,0
117,121,0,130,144,130,0,116,105,117,0,134,141,138,0,111,136,111,0,131
109,0,112,115,126,0,133,117,137,0,198,149,127,0,144,148,121,0,132,137
0,119,119,130,0,120,123,115,0,140,143,129,0,131,117,122,0,118,145,161
124,249,140,0,136,132,124,0,116,117,114,0,145,136,114,0,160,134,159,0
155,123,0,134,124,112,0,119,127,152,0,123,129,129,0,129,115,130,0,164
124,0,97,141,122,0,122,123,115,0,149,152,146,0,116,112,109,0,156,124
0,140,157,120,0,109,124,104,0,109,131,119,0,145,119,126,0,118,162,138
135,156,122,0,116,147,131,0,129,161,148,0,141,115,140,0,132,111,127,0
98,128,0,129,121,126,0,122,267,142,0,113,165,128,0,100,133,127,0,113
112,0,132,115,130,0,167,111,124,0,126,120,112,0,124,114,133,0,124,127
0,126,103,120,0,109,134,154,0,132,131,141,0,141,262,122,0,417,126,113
104,128,151,0,138,134,132,0,175,137,129,0,136,174,116,0,127,125,133,0
131,141,0,110,136,163,0,111,129,149,0,125,145,122,0,125,125,143,0,133
112,0,113,148,106,0,113,106,130,0,118,150,125,0,177,122,125,0,142,146
0,108,107,112,0,98,126,138,0,127,144,134,0,127,121,155,0,129,125,99
135,121,108,0,129,125,111,0,94,109,142,0,119,119,115,0,154,124,122,0
118,133,0,100,147,117,0,119,136,128,0,139,147,129,0,116,120,1075,0,116
147,0,162,112,145,0,131,120,130,0,141,144,101,0,129,131,142,0,123,167
0,115,114,122,0,121,158,138,0,135,128,122,0,108,149,127,0,158,231,146
