lane,files,unread_excluded,lines,data,record,postulate,terminating,no_positivity,bool_field,bool_pinned,bool_free,hole,theorem,def,structure,inductive,sorry,axiom
Agda/<root>,41,0,4801,37,58,20,0,0,25,20,4,0,0,0,0,0,0,0
Agda/MDL,4,0,197,0,8,0,0,0,0,0,0,0,0,0,0,0,0,0
Agda/Monster,7,0,270,1,2,2,0,0,2,0,2,0,0,0,0,0,0,0
Agda/cubical,1190,0,196944,192,330,0,0,0,131,1,16,7,0,0,0,0,0,0
DASHI/<root>,59,0,2293,2,32,0,0,0,25,25,0,0,0,0,0,0,0,0
DASHI/Algebra,117,0,20781,118,363,1,0,0,280,149,118,0,0,0,0,0,0,0
DASHI/Analysis,173,0,24282,28,610,3,0,0,211,19,192,0,0,0,0,0,0,0
DASHI/AnimalCommunication,4,0,360,0,15,0,0,0,0,0,0,0,0,0,0,0,0,0
DASHI/Applications,1,0,178,0,9,0,0,0,17,5,12,0,0,0,0,0,0,0
DASHI/Applied,5,0,500,2,22,0,0,0,5,5,0,0,0,0,0,0,0,0
DASHI/Arithmetic,53,0,6992,20,80,8,0,0,26,5,21,0,0,0,0,0,0,0
DASHI/ArithmeticGeometry,3,0,348,2,19,0,0,0,7,1,6,0,0,0,0,0,0,0
DASHI/Automata,1,0,112,0,6,0,0,0,19,0,18,0,0,0,0,0,0,0
DASHI/Belief,1,0,149,0,5,0,0,0,1,0,1,0,0,0,0,0,0,0
DASHI/Biology,537,2,101958,925,1538,0,0,0,3279,1695,1566,0,0,0,0,0,0,0
DASHI/Bridges,1,0,100,1,0,0,0,0,0,0,0,0,0,0,0,0,0,0
DASHI/Chemistry,5,0,1267,11,46,0,0,0,39,8,31,0,0,0,0,0,0,0
DASHI/Codec,38,0,4456,47,90,0,0,0,43,0,40,0,0,0,0,0,0,0
DASHI/Cognition,257,0,33828,421,793,0,0,0,729,185,526,0,0,0,0,0,0,0
DASHI/Combinatorics,27,0,1983,9,58,0,0,0,19,10,9,0,0,0,0,0,0,0
DASHI/Companions,2,0,61,0,2,0,0,0,2,0,2,0,0,0,0,0,0,0
DASHI/Compression,4,0,503,8,14,0,0,0,8,6,2,0,0,0,0,0,0,0
DASHI/Computation,5,0,1608,24,39,0,0,0,11,10,1,0,0,0,0,0,0,0
DASHI/Constants,1,0,2648,4,16,0,0,0,56,56,0,0,0,0,0,0,0,0
DASHI/Context,8,0,763,13,25,0,0,0,42,42,0,0,0,0,0,0,0,0
DASHI/Control,4,0,655,8,14,0,0,0,8,0,7,0,0,0,0,0,0,0
DASHI/Core,274,1,43623,338,803,0,0,0,727,261,458,0,0,0,0,0,0,0
DASHI/Crypto,140,0,22441,104,343,0,0,0,229,165,51,0,0,0,0,0,0,0
DASHI/Cubical,1,0,97,0,2,0,0,0,1,0,1,0,0,0,0,0,0,0
DASHI/Culture,37,0,11737,152,175,0,0,0,280,177,96,0,0,0,0,0,0,0
DASHI/DCHoTT,4,0,431,3,8,0,0,0,7,7,0,0,0,0,0,0,0,0
DASHI/Dynamics,13,0,1985,23,56,0,0,0,116,22,93,0,0,0,0,0,0,0
DASHI/Economics,7,0,929,8,10,0,0,0,26,0,22,0,0,0,0,0,0,0
DASHI/Education,27,0,4379,117,51,0,0,0,197,75,122,0,0,0,0,0,0,0
DASHI/Empirical,13,0,1571,20,57,0,0,0,38,36,2,0,0,0,0,0,0,0
DASHI/Energy,10,0,329,0,22,0,0,0,0,0,0,0,0,0,0,0,0,0
DASHI/Environment,29,0,4189,26,149,0,0,0,320,5,315,0,0,0,0,0,0,0
DASHI/Examples,1,0,153,0,1,0,0,0,0,0,0,0,0,0,0,0,0,0
DASHI/Execution,3,0,212,0,7,0,0,0,0,0,0,0,0,0,0,0,0,0
DASHI/Foundations,321,0,64808,369,1129,11,0,0,974,619,339,0,0,0,0,0,0,0
DASHI/Geometry,206,0,30236,171,758,5,1,0,401,263,130,0,0,0,0,0,0,0
DASHI/Governance,161,0,26027,392,662,0,0,0,981,122,839,0,0,0,0,0,0,0
DASHI/Graph,4,0,425,7,16,0,0,0,0,0,0,0,0,0,0,0,0,0
DASHI/HME,9,0,510,1,31,0,0,0,4,0,4,0,0,0,0,0,0,0
DASHI/Information,2,0,355,3,20,0,0,0,0,0,0,0,0,0,0,0,0,0
DASHI/Instances,3,0,26,0,3,0,0,0,0,0,0,0,0,0,0,0,0,0
DASHI/Interop,131,0,57967,434,738,0,0,0,1148,767,374,0,0,0,0,0,0,0
DASHI/Learning,5,0,501,1,10,1,0,0,0,0,0,0,0,0,0,0,0,0
DASHI/Lorentz,3,0,114,1,9,1,0,0,0,0,0,0,0,0,0,0,0,0
DASHI/MDL,9,0,490,0,31,0,0,0,8,2,6,0,0,0,0,0,0,0
DASHI/Mathematics,65,0,9542,50,177,0,0,0,7,0,5,0,0,0,0,0,0,0
DASHI/Metric,8,0,2366,10,31,0,0,0,41,39,2,0,0,0,0,0,0,0
DASHI/Moonshine,164,0,25156,68,403,4,0,0,377,303,73,0,0,0,0,0,0,0
DASHI/Music,5,0,558,4,12,0,0,0,15,1,13,0,0,0,0,0,0,0
DASHI/NumberTheory,2,0,159,0,5,0,0,0,6,4,2,0,0,0,0,0,0,0
DASHI/Ontology,80,0,9839,79,112,0,0,0,263,53,208,0,0,0,0,0,0,0
DASHI/Papers,5,0,414,2,4,0,0,0,1,1,0,0,0,0,0,0,0,0
DASHI/Perception,5,0,361,0,13,0,0,0,2,1,1,0,0,0,0,0,0,0
DASHI/Perf,2,0,112,2,5,0,0,0,1,0,1,0,0,0,0,0,0,0
DASHI/Philosophy,51,0,4382,31,123,0,0,0,173,2,171,0,0,0,0,0,0,0
DASHI/Physics,5247,3045,682829,5394,9024,44,3,0,10459,9464,938,0,0,0,0,0,0,0
DASHI/Process,1,0,66,1,6,0,0,0,0,0,0,0,0,0,0,0,0,0
DASHI/Promotion,90,4,48918,306,552,9,0,0,1014,960,51,0,0,0,0,0,0,0
DASHI/Provenance,1,0,79,1,3,0,0,0,5,4,1,0,0,0,0,0,0,0
DASHI/Puzzles,3,0,341,0,17,0,0,0,57,0,53,0,0,0,0,0,0,0
DASHI/Quantum,14,0,6223,3,106,0,0,0,127,123,3,0,0,0,0,0,0,0
DASHI/Reasoning,91,0,19616,273,444,0,0,0,826,105,703,0,0,0,0,0,0,0
DASHI/Regulation,6,0,554,7,18,0,0,0,0,0,0,0,0,0,0,0,0,0
DASHI/Semantics,1,0,164,4,5,0,0,0,0,0,0,0,0,0,0,0,0,0
DASHI/Sheaf,4,0,699,28,14,0,0,0,29,7,22,0,0,0,0,0,0,0
DASHI/Social,5,0,827,20,19,0,0,0,19,2,17,0,0,0,0,0,0,0
DASHI/Statistics,6,0,1191,2,16,0,0,0,15,0,15,0,0,0,0,0,0,0
DASHI/Topology,9,0,1390,23,32,0,0,0,45,27,18,0,0,0,0,0,0,0
DASHI/Trading,1,0,201,7,5,0,0,0,0,0,0,0,0,0,0,0,0,0
DASHI/Tranches,1,0,54,0,0,0,0,0,0,0,0,0,0,0,0,0,0,0
DASHI/Unified,32,0,4370,18,72,0,0,0,105,32,73,0,0,0,0,0,0,0
DASHI/Vision,9,0,1096,20,25,0,0,0,37,26,11,0,0,0,0,0,0,0
DASHI/Visual,2,0,596,8,30,0,0,0,18,10,8,0,0,0,0,0,0,0
DASHI/Visualisation,26,0,6137,106,102,0,0,0,91,77,14,0,0,0,0,0,0,0
DASHI/Visualization,1,0,182,5,4,0,0,0,0,0,0,0,0,0,0,0,0,0
DASHI/WorldModel,5,0,278,1,10,0,0,0,2,0,2,0,0,0,0,0,0,0
Lean/<root>,12,0,1124,0,0,0,0,0,0,0,0,0,14,6,1,0,4,0
Lean/AgdaMirror,107,0,8284,0,0,0,0,0,0,0,0,0,415,434,162,47,38,0
Lean/Cuisine,32,0,7383,0,0,0,0,0,0,0,0,0,452,183,42,66,4,0
Lean/DASHI,6,0,461,0,0,0,0,0,0,0,0,0,28,3,0,0,0,0
Lean/DashiPerf,6,0,465,0,0,0,0,0,0,0,0,0,5,16,0,5,0,0
Lean/Integration,64,0,16008,0,0,0,0,0,0,0,0,0,841,444,62,42,1,0
Lean/Spine,18,0,3436,0,0,0,0,0,0,0,0,0,230,47,10,0,1,0
Lean/Synthesis,12,0,2056,0,0,0,0,0,0,0,0,0,134,59,1,0,1,0
Lean/outputs,3097,0,228373,0,0,0,0,0,0,0,0,0,11106,11008,3376,1150,1176,0
