324,396,353,0,349,420,358,0,345,366,376,0,351,324,421,0,320,431,331,0
346,360,0,364,373,318,0,344,391,330,0,375,344,345,0,347,337,311,0,436
393,0,330,385,363,0,328,366,323,0,333,368,377,0,328,339,341,0,329,371
0,373,343,313,0,424,356,367,0,382,337,320,0,345,344,316,0,365,360,344
344,307,334,0,359,366,304,0,342,357,339,0,389,286,382,0,337,344,370,0
356,487,0,340,365,359,0,405,352,375,0,388,340,348,0,389,391,441,0,483
327,0,350,426,352,0,407,392,354,0,354,363,379,0,328,359,370,0,333,347
0,332,374,329,0,425,332,334,0,394,326,355,0,322,345,379,0,355,335,499
388,394,408,0,428,312,360,0,365,345,319,0,365,380,431,0,359,451,354,0
352,388,0,515,354,379,0,329,367,355,0,364,599,352,0,331,366,343,0,362
328,0,338,461,527,0,352,373,353,0,353,339,616,0,347,374,326,0,644,333
0,334,352,354,0,557,394,325,0,373,346,361,0,342,357,325,0,819,387,334
346,356,443,0,360,357,394,0,321,405,392,0,373,349,315,0,381,356,362,0
315,346,0,363,383,364,0,342,465,357,0,354,329,339,0,334,364,340,0,539
357,0,380,332,384,0,359,352,414,0,302,318,321,0,362,386,340,0,354,317
0,342,318,349,0,381,375,341,0,541,368,342,0,343,326,327,0,345,347,334
356,339,315,0,350,295,358,0,346,400,393,0,367,367,618,0,415,346,353,0
371,326,0,316,350,341,0,322,337,348,0,331,331,339,0,331,338,359,0,384
323,0,342,448,335,0,351,335,472,0,369,342,344,0,360,350,344,0,324,317
0,366,353,371,0,378,359,396,0,360,332,382,0,361,369,313,0,347,345,348
329,332,352,0,332,309,354,0,329,303,326,0,345,362,387,0,343,349,334,0
349,347,0,382,373,409,0,344,348,332,0,350,373,331,0,363,356,380,0,332
342,0,442,361,346,0,370,352,349,0,342,343,365,0,346,340,331,0,319,390
0,377,352,341,0,372,403,337,0,334,386,334,0,320,415,349,0,341,322,330
359,368,348,0,338,358,329,0,329,396,330,0,351,362,346,0,342,404,307,0
358,350,0,395,382,339,0,360,314,350,0,657,302,359,0,423,373,345,0,341
337,0,331,355,328,0,414,369,314,0,379,318,347,0,396,321,368,0,381,328
0,360,340,354,0,324,324,393,0,366,336,452,0,404,354,372,0,359,333,352
363,303,351,0,342,355,329,0,343,354,339,0,332,318,357,0,401,356,513,0
313,356,0,331,352,348,0,343,372,334,0,346,333,488,0,335,315,331,0,325
348,0,356,393,363,0,344,334,362,0,324,646,381,0,405,362,359,0,304,338
0,377,333,367,0,342,378,389,0,395,381,371,0,346,550,326,0,359,332,388
360,393,335,0,336,343,367,0,346,381,351,0,373,355,358,0,580,436,391,0
349,370,0,381,343,285,0,402,341,509,0,356,362,352,0,329,371,339,0,367
362,0,328,590,347,0,335,365,409,0,356,325,336,0,414,372,320,0,310,339
0,369,340,403,0,322,340,352,0,345,364,348,0,350,404,343,0,443,331,354
348,382,480,0,324,346,341,0,332,342,399,0,399,370,337,0,395,362,392,0
389,294,0,324,363,796,0,343,344,328,0,369,328,360,0,402,358,356,0,375
331,0,373,348,458,0,378,339,427,0,480,363,359,0,347,342,372,0,346,349
0,318,331,341,0,505,370,397,0,382,357,373,0,423,390,339,0,351,631,328
330,512,372,0,327,320,331,0,484,377,395,0,364,354,341,0,344,327,331,0
331,364,0,337,342,371,0,342,368,316,0,346,329,366,0,647,339,345,0,310
353,0,333,338,377,0,353,315,353,0,342,375,346,0,346,589,329,0,329,349
0,379,420,353,0,343,361,407,0,391,346,384,0,414,430,321,0,366,328,337
395,346,332,0,348,362,376,0,325,340,422,0,354,420,355,0,364,346,344,0
379,346,0,393,334,819,0,381,371,347,0,398,366,388,0,347,316,346,0,374
373,0,324,353,334,0,386,330,658,0,570,320,349,0,324,315,310,0,435,366
0,328,384,1340,0,371,346,367,0,330,349,366,0,435,355,383,0,359,327,347
347,373,354,0,452,373,433,0,515,379,347,0,358,384,364,0,346,356,348,0
486,343,0,404,368,369,0,302,358,344,0,399,385,368,0,310,458,774,0,461
341,0,356,321,347,0,343,350,360,0,332,344,359,0,397,399,350,0,368,383
0,361,424,322,0,364,338,350,0,396,338,370,0,340,342,602,0,319,310,308
316,360,326,0,347,354,316,0,347,367,321,0,328,338,337,0,352,399,375,0
411,346,0,335,341,408,0,343,366,339,0,339,385,342,0,312,354,360,0,351
362,0,392,325,374,0,330,359,369,0,339,343,348,0,354,313,353,0,323,375
0,390,349,335,0,366,363,382,0,373,342,401,0,362,369,430,0,381,394,472
366,384,365,0,341,351,371,0,351,351,367,0,482,335,330,0,406,337,350,0
364,375,0,407,495,350,0,369,337,419,0,368,388,343,0,352,337,355,0,543
377,0,324,340,355,0,323,323,334,0,345,422,341,0,342,328,342,0,355,376
0,341,319,349,0,351,335,387,0,348,347,344,0,353,339,342,0,352,395,342
333,338,347,0,341,383,340,0,382,547,349,0,386,383,462,0,375,368,345,0
478,357,0,355,350,329,0,351,400,360,0,377,329,350,0,365,398,397,0,329
359,0,323,484,331,0,367,332,368,0,381,339,354,0,332,369,323,0,361,325
0,349,309,319,0,375,334,346,0,319,369,341,0,343,350,352,0,357,357,415
368,383,349,0,368,322,379,0,395,362,348,0,319,395,443,0,360,385,348,0
346,346,0,347,309,353,0,295,355,372,0,307,477,344,0,356,368,341,0,332
358,0,311,329,325,0,412,347,400,0,364,346,373,0,368,357,356,0,373,523
0,358,344,412,0,351,341,444,0,345,334,377,0,350,357,332,0,398,391,422
479,361,315,0,348,376,321,0,353,367,330,0,351,423,392,0,356,363,378,0
338,343,0,345,317,346,0,407,357,343,0,451,334,330,0,337,330,338,0,413
316,0,343,337,338,0,356,318,363,0,370,337,345,0,317,387,361,0,344,363
0,341,337,472,0,387,363,678,0,358,401,339,0,402,368,338,0,337,339,323
377,419,332,0,597,350,386,0,355,344,361,0,363,327,365,0,376,309,396,0
326,376,0,372,292,364,0,422,343,337,0,453,378,333,0,397,311,333,0,350
372,0,289,351,358,0,373,381,375,0,567,304,395,0,449,372,331,0,372,429
0,360,326,392,0,316,338,369,0,351,351,372,0,337,330,328,0,307,335,514
344,405,327,0,374,372,357,0,323,342,337,0,337,352,343,0,327,318,349,0
322,360,0,323,342,355,0,379,338,336,0,332,375,330,0,383,314,349,0,356
394,0,381,334,463,0,394,383,438,0,328,350,362,0,363,341,379,0,331,344
0,326,404,355,0,377,383,314,0,353,365,339,0,317,372,361,0,341,340,361
400,380,362,0,286,347,322,0,389,348,327,0,370,321,363,0,352,344,333,0
369,320,0,382,352,362,0,344,376,347,0,358,721,355,0,335,316,363,0,350
370,0,350,336,357,0,378,345,342,0,331,338,365,0,321,336,345,0,345,339
0,302,380,331,0,300,370,354,0,311,324,369,0,369,440,348,0,457,361,360
350,359,378,0,386,442,324,0,344,325,322,0,370,340,343,0,341,366,330,0
362,320,0,358,413,343,0,358,328,326,0,323,334,362,0,399,394,571,0,372
330,0,389,346,344,0,613,442,350,0,341,370,379,0,398,436,323,0,356,366
0,338,353,381,0,345,358,348,0,340,356,371,0,385,373,339,0,344,353,344
372,355,351,0,551,354,383,0,385,336,336,0,428,339,379,0,339,354,378,0
382,338,0,360,345,338,0,499,389,319,0,369,352,367,0,367,341,419,0,386
336,0,306,366,542,0,354,343,353,0,351,364,332,0,321,314,369,0,387,352
0,360,328,349,0,369,425,314,0,356,326,356,0,359,342,325,0,344,326,359
